C:\Users\BruceLin\Documents\p\01.jpg
601 800

1 0 399.5 
0 1 300 
0 0 1 

0.999898 -0.00189634 0.0141635 
0.00382448 0.990511 -0.137378 
-0.0137686 0.137418 0.990417 

837.454

C:\Users\BruceLin\Documents\p\02.jpg
601 800

1 0 399.5 
0 1 300 
0 0 1 

0.999884 -0.00268387 0.0149857 
0.00268357 0.999996 4.03827e-005 
-0.0149858 1.80556e-010 0.999888 

837.461

C:\Users\BruceLin\Documents\p\03.jpg
601 800

1 0 399.5 
0 1 300 
0 0 1 

0.999879 -0.00468413 0.0148285 
0.00278787 0.992101 0.125407 
-0.0152989 -0.12535 0.991995 

837.059

C:\Users\BruceLin\Documents\p\04.jpg
601 800

1 0 399.5 
0 1 300 
0 0 1 

0.99985 -0.00761708 0.0155592 
0.00374978 0.972015 0.234889 
-0.016913 -0.234796 0.971898 

836.597

C:\Users\BruceLin\Documents\p\05.jpg
601 800

1 0 399.5 
0 1 300 
0 0 1 

0.999834 -0.00833416 0.0161681 
0.00317549 0.955184 0.295995 
-0.0179105 -0.295894 0.955053 

836.429

C:\Users\BruceLin\Documents\p\06.jpg
601 800

1 0 399.5 
0 1 300 
0 0 1 

0.999809 -0.015385 0.0120714 
0.00609328 0.83165 0.555266 
-0.018582 -0.555086 0.831585 

837.237

C:\Users\BruceLin\Documents\p\07.jpg
601 800

1 0 399.5 
0 1 300 
0 0 1 

0.999748 -0.0207246 0.00866064 
0.00688774 0.649867 0.760017 
-0.0213793 -0.759765 0.649846 

837.441

C:\Users\BruceLin\Documents\p\08.jpg
601 800

1 0 399.5 
0 1 300 
0 0 1 

0.999856 -0.0160905 0.0052915 
0.00479703 0.568603 0.822598 
-0.0162449 -0.822454 0.568599 

837.981

C:\Users\BruceLin\Documents\p\09.jpg
601 800

1 0 399.5 
0 1 300 
0 0 1 

0.999904 -0.0135107 0.00289129 
0.00356026 0.454147 0.890919 
-0.0133501 -0.890824 0.454152 

837.397

C:\Users\BruceLin\Documents\p\10.jpg
601 800

1 0 399.5 
0 1 300 
0 0 1 

0.999863 -0.0161456 0.00366811 
0.00242459 0.361936 0.9322 
-0.0163786 -0.932063 0.361925 

837.356

C:\Users\BruceLin\Documents\p\11.jpg
601 800

1 0 399.5 
0 1 300 
0 0 1 

0.999822 -0.0183907 0.00418097 
0.00121952 0.284263 0.958745 
-0.0188206 -0.95857 0.284235 

837.325

C:\Users\BruceLin\Documents\p\12.jpg
601 800

1 0 399.5 
0 1 300 
0 0 1 

0.999832 -0.0180883 0.00298061 
0.00101349 0.21688 0.976197 
-0.0183043 -0.976031 0.216862 

837.036

C:\Users\BruceLin\Documents\p\13.jpg
601 800

1 0 399.5 
0 1 300 
0 0 1 

0.999795 -0.0200987 0.00233437 
0.000389021 0.134442 0.990921 
-0.0202302 -0.990718 0.134422 

836.561

C:\Users\BruceLin\Documents\p\14.jpg
601 800

1 0 399.5 
0 1 300 
0 0 1 

0.99979 -0.0204743 -1.75712e-005 
0.0014582 0.07035 0.997521 
-0.0204224 -0.997312 0.0703651 

836.13

C:\Users\BruceLin\Documents\p\15.jpg
601 800

1 0 399.5 
0 1 300 
0 0 1 

0.9998 -0.0199419 -0.00157997 
0.00175378 0.00870094 0.99996 
-0.0199275 -0.999763 0.00873422 

836.229

C:\Users\BruceLin\Documents\p\16.jpg
601 800

1 0 399.5 
0 1 300 
0 0 1 

0.999795 -0.0199222 -0.00348076 
0.000499289 -0.147744 0.989025 
-0.0202178 -0.988825 -0.147704 

835.514

C:\Users\BruceLin\Documents\p\17.jpg
601 800

1 0 399.5 
0 1 300 
0 0 1 

0.999855 -0.0162566 -0.00507711 
0.000864637 -0.249274 0.968433 
-0.017009 -0.968297 -0.249224 

835.54

C:\Users\BruceLin\Documents\p\18.jpg
601 800

1 0 399.5 
0 1 300 
0 0 1 

0.999885 -0.0126179 -0.00844413 
0.00340484 -0.355651 0.934613 
-0.014796 -0.934534 -0.355567 

835.547

C:\Users\BruceLin\Documents\p\19.jpg
601 800

1 0 399.5 
0 1 300 
0 0 1 

0.999958 -0.00686594 -0.00611395 
0.00276935 -0.409185 0.912447 
-0.00876654 -0.912426 -0.409148 

835.433

C:\Users\BruceLin\Documents\p\20.jpg
601 800

1 0 399.5 
0 1 300 
0 0 1 

0.999957 -0.00529631 -0.00765101 
0.00370934 -0.527191 0.849738 
-0.00853404 -0.84973 -0.527149 

834.927

C:\Users\BruceLin\Documents\p\21.jpg
601 800

1 0 399.5 
0 1 300 
0 0 1 

0.999952 -0.00525258 -0.00821575 
0.00341117 -0.600873 0.799337 
-0.00913523 -0.799327 -0.600827 

834.832

C:\Users\BruceLin\Documents\p\22.jpg
601 800

1 0 399.5 
0 1 300 
0 0 1 

0.999946 -0.0047422 -0.00926795 
0.00381312 -0.661539 0.749901 
-0.00968729 -0.749896 -0.661485 

835.377

C:\Users\BruceLin\Documents\p\23.jpg
601 800

1 0 399.5 
0 1 300 
0 0 1 

0.999935 -0.00533547 -0.0100561 
0.00333489 -0.707317 0.706889 
-0.0108844 -0.706877 -0.707253 

834.966

C:\Users\BruceLin\Documents\p\24.jpg
601 800

1 0 399.5 
0 1 300 
0 0 1 

0.999943 -0.00414928 -0.00988452 
0.00325268 -0.761153 0.648564 
-0.0102147 -0.648559 -0.761096 

835.278

C:\Users\BruceLin\Documents\p\25.jpg
601 800

1 0 399.5 
0 1 300 
0 0 1 

0.999934 -0.00295674 -0.0111262 
0.00409164 -0.812083 0.583527 
-0.0107607 -0.583534 -0.812017 

835.291

C:\Users\BruceLin\Documents\p\26.jpg
601 800

1 0 399.5 
0 1 300 
0 0 1 

0.999955 -0.00194772 -0.00927966 
0.00316465 -0.854 0.520264 
-0.00893817 -0.520269 -0.853955 

834.367

C:\Users\BruceLin\Documents\p\27.jpg
601 800

1 0 399.5 
0 1 300 
0 0 1 

0.999945 -0.000250514 -0.0104907 
0.00418764 -0.907137 0.420815 
-0.00962196 -0.420836 -0.907086 

834.195

C:\Users\BruceLin\Documents\p\28.jpg
601 800

1 0 399.5 
0 1 300 
0 0 1 

0.999934 0.00150096 -0.0114199 
0.00517476 -0.94432 0.328989 
-0.0102903 -0.329026 -0.944265 

834.144

C:\Users\BruceLin\Documents\p\29.jpg
601 800

1 0 399.5 
0 1 300 
0 0 1 

0.999943 0.00303369 -0.0101961 
0.00530933 -0.972886 0.231226 
-0.00921819 -0.231267 -0.972847 

833.777

C:\Users\BruceLin\Documents\p\30.jpg
601 800

1 0 399.5 
0 1 300 
0 0 1 

0.999873 0.00350923 -0.0155429 
0.00540385 -0.992319 0.123586 
-0.0149898 -0.123654 -0.992212 

833.474

C:\Users\BruceLin\Documents\p\31.jpg
601 800

1 0 399.5 
0 1 300 
0 0 1 

0.999794 0.00585734 -0.019417 
0.00633364 -0.999678 0.0245592 
-0.0192669 -0.0246771 -0.99951 

833.224

C:\Users\BruceLin\Documents\p\32.jpg
601 800

1 0 399.5 
0 1 300 
0 0 1 

0.999872 0.00593976 -0.0148559 
0.00448825 -0.995381 -0.0958969 
-0.0153569 0.0958179 -0.99528 

832.803

C:\Users\BruceLin\Documents\p\33.jpg
601 800

1 0 399.5 
0 1 300 
0 0 1 

0.999825 0.00787566 -0.0169488 
0.00409573 -0.977163 -0.212453 
-0.0182349 0.212346 -0.977024 

832.658

C:\Users\BruceLin\Documents\p\34.jpg
601 800

1 0 399.5 
0 1 300 
0 0 1 

0.99988 0.00815741 -0.0131333 
0.00353298 -0.947555 -0.319572 
-0.0150514 0.319488 -0.947471 

832.07

C:\Users\BruceLin\Documents\p\35.jpg
601 800

1 0 399.5 
0 1 300 
0 0 1 

0.99986 0.00924568 -0.0139371 
0.00263023 -0.909865 -0.414895 
-0.0165169 0.414801 -0.909762 

831.844

C:\Users\BruceLin\Documents\p\36.jpg
601 800

1 0 399.5 
0 1 300 
0 0 1 

0.999704 0.0146005 -0.0194403 
0.00133228 -0.831297 -0.555827 
-0.024276 0.555637 -0.831071 

832.448

C:\Users\BruceLin\Documents\p\37.jpg
601 800

1 0 399.5 
0 1 300 
0 0 1 

0.999858 0.0106065 -0.0131041 
-0.000260571 -0.767475 -0.641079 
-0.0168567 0.640991 -0.767363 

832.349

C:\Users\BruceLin\Documents\p\38.jpg
601 800

1 0 399.5 
0 1 300 
0 0 1 

0.999882 0.01031 -0.0114123 
-0.000955189 -0.698972 -0.715148 
-0.0153501 0.715075 -0.69888 

831.88

C:\Users\BruceLin\Documents\p\39.jpg
601 800

1 0 399.5 
0 1 300 
0 0 1 

0.999885 0.010997 -0.0104386 
-0.00100003 -0.639126 -0.769102 
-0.0151294 0.769023 -0.639041 

831.307

C:\Users\BruceLin\Documents\p\40.jpg
601 800

1 0 399.5 
0 1 300 
0 0 1 

0.999876 0.0124847 -0.00958027 
-0.000625249 -0.576779 -0.8169 
-0.0157245 0.816805 -0.576699 

830.966

C:\Users\BruceLin\Documents\p\41.jpg
601 800

1 0 399.5 
0 1 300 
0 0 1 

0.999863 0.0147336 -0.00749777 
-0.000119809 -0.44707 -0.894499 
-0.0165313 0.894377 -0.447007 

830.609

C:\Users\BruceLin\Documents\p\42.jpg
601 800

1 0 399.5 
0 1 300 
0 0 1 

0.999961 0.00880938 -0.000799259 
0.00240694 -0.357934 -0.933744 
-0.00851178 0.933705 -0.357941 

830.281

C:\Users\BruceLin\Documents\p\43.jpg
601 800

1 0 399.5 
0 1 300 
0 0 1 

0.999973 0.00692976 0.00241238 
0.00391652 -0.226055 -0.974107 
-0.00620501 0.97409 -0.226076 

829.888

C:\Users\BruceLin\Documents\p\44.jpg
601 800

1 0 399.5 
0 1 300 
0 0 1 

0.999961 0.00851757 0.00227047 
0.00237307 -0.0120543 -0.999925 
-0.00848959 0.999891 -0.0120741 

829.385

C:\Users\BruceLin\Documents\p\45.jpg
601 800

1 0 399.5 
0 1 300 
0 0 1 

0.999941 0.00954941 0.0051009 
0.00401947 0.110022 -0.993921 
-0.0100526 0.993883 0.109977 

829.377

C:\Users\BruceLin\Documents\p\46.jpg
601 800

1 0 399.5 
0 1 300 
0 0 1 

0.999902 0.0112539 0.00836522 
0.00568747 0.219799 -0.975529 
-0.0128172 0.97548 0.219713 

829.1

C:\Users\BruceLin\Documents\p\47.jpg
601 800

1 0 399.5 
0 1 300 
0 0 1 

0.999847 0.01089 0.01366 
0.00897296 0.350772 -0.936418 
-0.0149891 0.936398 0.35062 

828.977

C:\Users\BruceLin\Documents\p\48.jpg
601 800

1 0 399.5 
0 1 300 
0 0 1 

0.999833 0.00966632 0.0154766 
0.0085951 0.498688 -0.866739 
-0.0160962 0.866728 0.498522 

828.816

C:\Users\BruceLin\Documents\p\49.jpg
601 800

1 0 399.5 
0 1 300 
0 0 1 

0.999891 0.00541861 0.0137689 
0.00787607 0.592857 -0.80527 
-0.0125264 0.80529 0.592749 

828.678

C:\Users\BruceLin\Documents\p\50.jpg
601 800

1 0 399.5 
0 1 300 
0 0 1 

0.999906 0.0028258 0.0134054 
0.00813445 0.664886 -0.746901 
-0.0110237 0.74694 0.6648 

828.756

C:\Users\BruceLin\Documents\p\51.jpg
601 800

1 0 399.5 
0 1 300 
0 0 1 

0.999921 0.00128521 0.0125189 
0.00687679 0.777319 -0.629069 
-0.0105397 0.629106 0.777248 

828.164

C:\Users\BruceLin\Documents\p\52.jpg
601 800

1 0 399.5 
0 1 300 
0 0 1 

0.999916 0.000839477 0.0129261 
0.00542873 0.878874 -0.477023 
-0.0117609 0.477053 0.878796 

828.464


